1.000001 0.78125
1.010002 0.048828125
1.020003 0.78125
1.020004 1.5625
1.030004 0.830078125
1.030005 0.09765625
1.040005 0.78125
1.040006 1.5625
1.050006 0.830078125
1.050007 0.09765625
1.060007 0.78125
1.060008 1.5625
1.060008 2.34375
1.070008 1.611328125
1.070009 0.09765625
1.070009 0.146484375
1.080009 0.78125
1.08001 1.5625
1.08001 2.34375
1.080011 3.125
1.09001 2.392578125
1.090011 0.87890625
1.090011 0.927734375
1.090012 0.1953125
1.100011 0.830078125
1.100012 1.5625
1.100012 2.34375
1.100013 3.125
1.100014 3.90625
1.110012 3.173828125
1.110013 1.66015625
1.110013 1.708984375
1.110014 0.9765625
1.110015 0.244140625
1.120013 0.87890625
1.120014 1.611328125
1.120014 2.392578125
1.120015 3.125
1.120016 3.90625
1.120017 4.6875
1.130014 3.955078125
1.130015 2.44140625
1.130015 2.490234375
1.130016 1.7578125
1.130017 1.025390625
1.130018 0.29296875
1.140015 0.927734375
1.140016 1.66015625
1.140016 2.44140625
1.140017 3.173828125
1.140018 3.90625
1.140019 4.6875
1.14002 5.46875
1.150016 4.736328125
1.150017 3.22265625
1.150017 3.271484375
1.150018 2.5390625
1.150019 1.806640625
1.15002 1.07421875
1.150021 0.341796875
1.160017 0.9765625
1.160018 1.708984375
1.160018 2.490234375
1.160019 3.22265625
1.16002 3.955078125
1.160021 4.6875
1.160022 5.46875
1.170018 4.736328125
1.170019 3.22265625
1.170019 3.271484375
1.17002 2.5390625
1.170021 1.806640625
1.170022 1.07421875
1.170023 0.341796875
1.180019 0.9765625
1.18002 1.708984375
1.18002 2.490234375
1.18002 3.271484375
1.180021 4.00390625
1.180022 4.736328125
1.180023 5.46875
1.180024 6.25
1.19002 5.517578125
1.190021 3.22265625
1.190021 3.271484375
1.190021 3.3203125
1.190022 2.587890625
1.190023 1.85546875
1.190024 1.123046875
1.190025 0.390625
1.200021 0.9765625
1.200022 1.708984375
1.200022 2.490234375
1.200022 3.271484375
1.200023 4.00390625
1.200023 4.78515625
1.200024 5.517578125
1.200025 6.25
1.200026 7.03125
1.210022 6.298828125
1.210023 4.00390625
1.210023 4.052734375
1.210023 4.1015625
1.210024 2.587890625
1.210024 2.63671875
1.210025 1.904296875
1.210026 1.171875
1.210027 0.439453125
1.220023 1.025390625
1.220024 1.708984375
1.220024 2.490234375
1.220024 3.271484375
1.220025 4.00390625
1.220025 4.78515625
1.220025 5.56640625
1.220026 6.298828125
1.220027 7.03125
1.220028 7.8125
1.230024 7.080078125
1.230025 4.78515625
1.230025 4.833984375
1.230025 4.8828125
1.230026 2.587890625
1.230026 2.63671875
1.230026 2.685546875
1.230027 1.953125
1.230028 1.220703125
1.230029 0.48828125
1.240025 1.07421875
1.240026 1.708984375
1.240026 2.490234375
1.240026 3.271484375
1.240027 4.00390625
1.240027 4.78515625
1.240027 5.56640625
1.240028 6.298828125
1.240028 7.080078125
1.240029 7.8125
1.24003 8.59375
1.250026 7.861328125
1.250027 5.56640625
1.250027 5.615234375
1.250027 5.6640625
1.250028 3.369140625
1.250028 3.41796875
1.250028 3.466796875
1.250029 1.953125
1.250029 2.001953125
1.25003 1.26953125
1.250031 0.537109375
1.260027 1.123046875
1.260028 1.7578125
1.260028 2.5390625
1.260028 3.3203125
1.260029 4.00390625
1.260029 4.78515625
1.260029 5.56640625
1.26003 6.298828125
1.26003 7.080078125
1.26003 7.861328125
1.260031 8.59375
1.260032 9.375
1.270028 8.642578125
1.270029 6.34765625
1.270029 6.396484375
1.270029 6.4453125
1.27003 4.150390625
1.27003 4.19921875
1.27003 4.248046875
1.270031 1.953125
1.270031 2.001953125
1.270031 2.05078125
1.270032 1.318359375
1.270033 0.5859375
1.280029 1.171875
1.28003 1.806640625
1.28003 2.587890625
1.28003 3.369140625
1.280031 4.00390625
1.280031 4.78515625
1.280031 5.56640625
1.280032 6.298828125
1.280032 7.080078125
1.280032 7.861328125
1.280033 8.59375
1.280033 9.375
1.29003 9.375
1.290031 7.080078125
1.290031 7.12890625
1.290031 7.177734375
1.290032 4.8828125
1.290032 4.931640625
1.290032 4.98046875
1.290033 2.685546875
1.290033 2.734375
1.290033 2.783203125
1.290034 1.26953125
1.290034 1.318359375
1.290034 1.3671875
1.300031 0.48828125
1.300032 1.123046875
1.300032 1.904296875
1.300032 2.685546875
1.300033 3.3203125
1.300033 4.1015625
1.300033 4.8828125
1.300034 5.517578125
1.300034 6.298828125
1.300034 7.080078125
1.300035 7.861328125
1.300035 8.642578125
1.300035 9.423828125
1.310032 7.8125
1.310033 8.59375
1.310033 8.642578125
1.310033 8.69140625
1.310034 6.396484375
1.310034 6.4453125
1.310034 6.494140625
1.310035 4.19921875
1.310035 4.248046875
1.310035 4.296875
1.310035 4.345703125
1.310036 2.05078125
1.310036 2.099609375
1.310036 2.1484375
1.320033 1.318359375
1.320034 0.439453125
1.320034 1.220703125
1.320034 2.001953125
1.320035 2.587890625
1.320035 3.369140625
1.320035 4.150390625
1.320036 4.78515625
1.320036 5.56640625
1.320036 6.34765625
1.320036 7.12890625
1.320037 7.91015625
1.320037 8.69140625
1.320037 9.47265625
1.330034 8.59375
1.330035 9.375
1.330035 9.423828125
1.330035 7.12890625
1.330036 7.91015625
1.330036 7.958984375
1.330036 8.0078125
1.330037 4.931640625
1.330037 4.98046875
1.330037 5.029296875
1.330037 5.078125
1.330038 2.783203125
1.330038 2.83203125
1.330038 2.880859375
1.330038 2.9296875
1.340035 2.099609375
1.340036 1.26953125
1.340036 1.26953125
1.340036 2.05078125
1.340037 1.904296875
1.340037 2.685546875
1.340037 3.466796875
1.340038 4.052734375
1.340038 4.833984375
1.340038 5.615234375
1.340038 6.396484375
1.340039 7.177734375
1.340039 7.958984375
1.340039 8.740234375
1.340039 9.521484375
1.350036 8.642578125
1.350037 9.375
1.350037 9.423828125
1.350037 7.91015625
1.350038 8.69140625
1.350038 8.740234375
1.350038 5.6640625
1.350039 6.4453125
1.350039 6.494140625
1.350039 6.54296875
1.350039 6.591796875
1.35004 3.515625
1.35004 3.564453125
1.35004 3.61328125
1.35004 3.662109375
1.35004 3.7109375
1.360037 2.880859375
1.360038 2.05078125
1.360038 2.05078125
1.360038 2.83203125
1.360039 2.734375
1.360039 2.734375
1.360039 3.515625
1.36004 3.3203125
1.36004 4.1015625
1.36004 4.8828125
1.36004 5.6640625
1.360041 6.4453125
1.360041 7.2265625
1.360041 8.0078125
1.360041 8.7890625
1.360041 9.5703125
1.370038 8.69140625
1.370039 8.69140625
1.370039 8.740234375
1.370039 7.958984375
1.37004 7.958984375
1.37004 8.0078125
1.37004 6.4453125
1.37004 7.2265625
1.370041 7.275390625
1.370041 7.32421875
1.370041 7.373046875
1.370041 4.248046875
1.370042 4.296875
1.370042 4.345703125
1.370042 4.39453125
1.370042 4.443359375
1.370042 4.4921875
1.380039 3.662109375
1.38004 2.83203125
1.38004 2.05078125
1.38004 2.83203125
1.380041 2.734375
1.380041 2.783203125
1.380041 2.783203125
1.380041 3.564453125
1.380042 3.369140625
1.380042 4.150390625
1.380042 4.931640625
1.380042 5.712890625
1.380043 6.494140625
1.380043 7.275390625
1.380043 8.056640625
1.380043 8.837890625
1.380043 9.619140625
1.39004 8.740234375
1.390041 8.69140625
1.390041 8.740234375
1.390041 7.958984375
1.390042 7.958984375
1.390042 8.0078125
1.390042 6.4453125
1.390042 7.2265625
1.390043 7.275390625
1.390043 7.32421875
1.390043 7.373046875
1.390043 4.248046875
1.390043 5.029296875
1.390044 5.078125
1.390044 5.126953125
1.390044 5.17578125
1.390044 5.224609375
1.390044 5.2734375
1.400041 4.443359375
1.400042 3.61328125
1.400042 2.83203125
1.400042 3.61328125
1.400043 3.515625
1.400043 3.564453125
1.400043 2.783203125
1.400043 3.564453125
1.400044 3.369140625
1.400044 3.41796875
1.400044 4.19921875
1.400044 4.98046875
1.400044 5.76171875
1.400045 6.54296875
1.400045 7.32421875
1.400045 8.10546875
1.400045 8.88671875
1.400045 9.66796875
1.410042 8.7890625
1.410043 8.740234375
1.410043 8.7890625
1.410043 8.0078125
1.410044 7.958984375
1.410044 8.0078125
1.410044 6.4453125
1.410044 7.2265625
1.410045 7.275390625
1.410045 7.32421875
1.410045 7.373046875
1.410045 4.248046875
1.410045 5.029296875
1.410046 5.078125
1.410046 5.126953125
1.410046 5.17578125
1.410046 5.224609375
1.410046 5.2734375
1.410046 6.0546875
1.420043 5.224609375
1.420044 4.39453125
1.420044 3.61328125
1.420044 4.39453125
1.420045 4.296875
1.420045 4.345703125
1.420045 3.564453125
1.420045 4.345703125
1.420046 4.150390625
1.420046 4.19921875
1.420046 4.19921875
1.420046 4.98046875
1.420046 5.76171875
1.420047 5.810546875
1.420047 6.591796875
1.420047 7.373046875
1.420047 8.154296875
1.420047 8.935546875
1.420047 9.716796875
1.430044 8.837890625
1.430045 8.7890625
1.430045 8.837890625
1.430045 8.056640625
1.430046 8.0078125
1.430046 8.056640625
1.430046 6.494140625
1.430046 7.275390625
1.430047 7.275390625
1.430047 7.32421875
1.430047 7.373046875
1.430047 4.248046875
1.430047 5.029296875
1.430048 5.078125
1.430048 5.126953125
1.430048 5.17578125
1.430048 5.224609375
1.430048 5.2734375
1.430048 6.0546875
1.430048 6.8359375
1.440045 6.005859375
1.440046 5.17578125
1.440046 4.39453125
1.440046 5.17578125
1.440047 5.078125
1.440047 5.126953125
1.440047 4.345703125
1.440047 5.126953125
1.440048 4.931640625
1.440048 4.98046875
1.440048 4.19921875
1.440048 4.98046875
1.440048 5.76171875
1.440049 5.810546875
1.440049 5.859375
1.440049 6.640625
1.440049 7.421875
1.440049 8.203125
1.440049 8.984375
1.440049 9.765625
1.450046 8.88671875
1.450047 8.837890625
1.450047 8.88671875
1.450047 8.10546875
1.450048 8.056640625
1.450048 8.10546875
1.450048 6.54296875
1.450048 7.32421875
1.450049 7.275390625
1.450049 7.32421875
1.450049 7.373046875
1.450049 4.248046875
1.450049 5.029296875
1.45005 5.078125
1.45005 5.126953125
1.45005 5.17578125
1.45005 5.224609375
1.45005 5.2734375
1.45005 6.0546875
1.45005 6.8359375
1.450051 7.6171875
1.460047 6.787109375
1.460048 5.95703125
1.460048 5.17578125
1.460048 5.95703125
1.460049 5.859375
1.460049 5.908203125
1.460049 5.126953125
1.460049 5.908203125
1.46005 5.712890625
1.46005 5.76171875
1.46005 4.98046875
1.46005 5.76171875
1.46005 6.54296875
1.460051 6.591796875
1.460051 6.640625
1.460051 6.640625
1.460051 7.421875
1.460051 8.203125
1.460051 8.984375
1.460051 9.765625
1.460052 9.814453125
1.470048 8.935546875
1.470049 8.88671875
1.470049 8.935546875
1.470049 8.154296875
1.47005 8.10546875
1.47005 8.154296875
1.47005 6.591796875
1.47005 7.373046875
1.470051 7.32421875
1.470051 7.373046875
1.470051 7.421875
1.470051 4.296875
1.470051 5.078125
1.470052 5.078125
1.470052 5.126953125
1.470052 5.17578125
1.470052 5.224609375
1.470052 5.2734375
1.470052 6.0546875
1.470052 6.8359375
1.470053 7.6171875
1.470054 8.3984375
1.480049 7.568359375
1.48005 6.73828125
1.48005 5.95703125
1.48005 6.73828125
1.480051 6.640625
1.480051 6.689453125
1.480051 5.908203125
1.480051 6.689453125
1.480052 6.494140625
1.480052 6.54296875
1.480052 5.76171875
1.480052 6.54296875
1.480052 7.32421875
1.480053 7.373046875
1.480053 7.421875
1.480053 7.421875
1.480053 8.203125
1.480053 8.984375
1.480053 9.765625
1.480055 9.765625
1.481053 9.814453125
1.481054 9.86328125
1.49005 8.984375
1.490051 8.935546875
1.490051 8.984375
1.490051 8.203125
1.490052 8.154296875
1.490052 8.203125
1.490052 6.640625
1.490052 7.421875
1.490053 7.373046875
1.490053 7.421875
1.490053 7.470703125
1.490053 5.126953125
1.490053 5.908203125
1.490054 5.95703125
1.490054 6.005859375
1.490054 6.0546875
1.490054 6.103515625
1.490054 6.884765625
1.490054 7.666015625
1.490056 6.93359375
1.491054 7.6171875
1.491055 8.3984375
1.500051 7.568359375
1.500052 6.73828125
1.500052 5.95703125
1.500052 6.73828125
1.500053 6.640625
1.500053 6.689453125
1.500053 5.908203125
1.500053 6.689453125
1.500053 7.470703125
1.500054 7.32421875
1.500054 7.373046875
1.500054 6.591796875
1.500054 7.373046875
1.500054 8.154296875
1.500055 8.203125
1.500055 8.251953125
1.500055 9.033203125
1.500055 9.814453125
1.501055 9.765625
1.501056 9.765625
1.510052 8.88671875
1.510053 8.837890625
1.510053 8.88671875
1.510053 7.32421875
1.510054 7.275390625
1.510054 7.32421875
1.510054 8.10546875
1.510054 5.810546875
1.510054 5.859375
1.510055 5.908203125
1.510055 6.689453125
1.510055 7.373046875
1.510055 7.421875
1.510055 7.470703125
1.510055 5.95703125
1.510055 6.73828125
1.510056 7.51953125
1.510056 7.568359375
1.510056 7.6171875
1.510056 8.3984375
1.510057 9.1796875
1.511056 8.447265625
1.511057 7.71484375
1.520053 6.884765625
1.520054 5.95703125
1.520054 5.95703125
1.520054 6.73828125
1.520055 6.591796875
1.520055 5.029296875
1.520055 5.810546875
1.520055 6.591796875
1.520055 7.373046875
1.520056 7.32421875
1.520056 7.373046875
1.520056 7.421875
1.520056 6.640625
1.520056 7.421875
1.520056 8.203125
1.520056 8.984375
1.520056 9.765625
1.520057 9.814453125
1.520057 9.86328125
1.520057 9.86328125
1.530054 8.88671875
1.530055 8.88671875
1.530055 9.66796875
1.530055 7.32421875
1.530056 7.958984375
1.530056 8.0078125
1.530056 8.056640625
1.530056 8.837890625
1.530056 4.98046875
1.530057 5.029296875
1.530057 5.078125
1.530057 5.029296875
1.530057 5.810546875
1.530057 5.859375
1.530057 5.908203125
1.530057 5.95703125
1.530057 5.224609375
1.530057 5.2734375
1.530057 6.0546875
1.530058 6.8359375
1.530058 7.6171875
1.530058 7.666015625
1.530058 8.447265625
1.530058 9.228515625
1.540055 8.447265625
1.540056 6.787109375
1.540056 6.8359375
1.540056 6.0546875
1.540057 5.712890625
1.540057 5.76171875
1.540057 4.98046875
1.540057 5.76171875
1.540057 6.54296875
1.540058 6.54296875
1.540058 6.591796875
1.540058 4.248046875
1.540058 5.029296875
1.540058 5.810546875
1.540058 6.591796875
1.540058 7.373046875
1.540058 8.154296875
1.540058 8.935546875
1.540058 9.716796875
1.540059 9.765625
1.540059 9.814453125
1.540059 9.86328125
1.540059 9.912109375
1.550056 9.765625
1.550057 8.10546875
1.550057 8.88671875
1.550058 8.837890625
1.550058 9.619140625
1.550058 4.150390625
1.550058 4.19921875
1.550059 4.248046875
1.550059 4.296875
1.550059 4.8828125
1.550059 5.6640625
1.550059 5.712890625
1.550059 5.76171875
1.550059 5.810546875
1.550059 5.859375
1.550059 5.908203125
1.550059 5.95703125
1.550059 6.005859375
1.550059 6.0546875
1.55006 6.8359375
1.55006 7.6171875
1.55006 8.3984375
1.55006 9.1796875
1.551057 9.9609375
1.560057 9.9609375
1.560058 8.447265625
1.560058 8.3984375
1.560058 8.447265625
1.560059 6.4453125
1.560059 6.494140625
1.560059 5.712890625
1.560059 6.494140625
1.56006 6.54296875
1.56006 6.591796875
1.56006 4.248046875
1.56006 5.029296875
1.56006 5.810546875
1.56006 6.591796875
1.56006 7.373046875
1.56006 8.154296875
1.56006 8.935546875
1.56006 9.716796875
1.561058 9.716796875
1.570058 9.5703125
1.570059 7.958984375
1.570059 8.0078125
1.570059 8.056640625
1.57006 8.10546875
1.57006 8.88671875
1.57006 8.837890625
1.57006 8.88671875
1.57006 3.41796875
1.57006 4.19921875
1.570061 4.98046875
1.570061 5.029296875
1.570061 5.078125
1.570061 5.859375
1.570061 6.640625
1.570061 6.689453125
1.570061 6.73828125
1.570061 6.787109375
1.570061 6.8359375
1.570061 6.884765625
1.570061 6.93359375
1.570061 6.982421875
1.570061 7.03125
1.570061 7.8125
1.570061 8.59375
1.571059 7.861328125
1.580059 6.982421875
1.58006 5.2734375
1.58006 6.0546875
1.58006 6.8359375
1.580061 6.396484375
1.580061 6.4453125
1.580061 6.494140625
1.580061 3.369140625
1.580061 4.150390625
1.580061 4.931640625
1.580062 4.98046875
1.580062 5.029296875
1.580062 5.078125
1.580062 5.126953125
1.580062 5.17578125
1.580062 5.95703125
1.580062 6.73828125
1.580062 7.51953125
1.580062 8.30078125
1.580062 9.08203125
1.580062 9.86328125
1.59006 8.203125
1.590061 8.837890625
1.590061 9.619140625
1.590062 8.056640625
1.590062 8.837890625
1.590062 9.619140625
1.590062 5.46875
1.590062 5.517578125
1.590062 5.56640625
1.590063 5.615234375
1.590063 5.6640625
1.590063 5.712890625
1.590063 5.76171875
1.590063 6.54296875
1.590063 7.32421875
1.590063 8.10546875
1.590063 8.154296875
1.590063 8.203125
1.590063 8.251953125
1.590063 8.30078125
1.590063 8.349609375
1.59106 8.3984375
1.591061 9.1796875
1.591062 9.9609375
1.600061 9.9609375
1.600062 9.1796875
1.600062 9.9609375
1.600062 9.912109375
1.600062 9.9609375
1.600063 6.4453125
1.600063 6.494140625
1.600063 6.54296875
1.600063 6.591796875
1.600063 4.296875
1.600063 5.078125
1.600064 5.859375
1.600064 5.908203125
1.600064 5.95703125
1.600064 6.005859375
1.600064 6.787109375
1.600064 7.568359375
1.600064 8.349609375
1.600064 9.130859375
1.600064 9.912109375
1.601061 9.86328125
1.601063 9.86328125
1.610062 9.86328125
1.610063 8.740234375
1.610063 9.521484375
1.610063 8.7890625
1.610063 8.837890625
1.610064 8.88671875
1.610064 8.935546875
1.610064 8.984375
1.610064 9.619140625
1.610064 5.712890625
1.610064 5.76171875
1.610064 6.54296875
1.610064 7.32421875
1.610064 8.10546875
1.610065 8.88671875
1.610065 9.66796875
1.610065 9.716796875
1.610065 9.765625
1.610065 9.814453125
1.610065 9.86328125
1.610065 9.912109375
1.610065 9.9609375
1.611062 9.9609375
1.611064 9.9609375
1.620063 9.86328125
1.620064 8.88671875
1.620064 8.935546875
1.620064 5.078125
1.620064 5.126953125
1.620065 5.17578125
1.620065 5.224609375
1.620065 5.712890625
1.620065 6.494140625
1.620065 6.54296875
1.620065 6.591796875
1.620065 6.640625
1.620065 5.126953125
1.620065 5.17578125
1.620065 5.95703125
1.620065 6.73828125
1.620066 7.51953125
1.620066 8.30078125
1.620066 8.349609375
1.620066 8.3984375
1.620066 9.1796875
1.620066 9.9609375
1.621063 9.9609375
1.621065 9.9609375
1.630064 9.814453125
1.630065 9.47265625
1.630065 6.396484375
1.630065 6.4453125
1.630065 6.494140625
1.630066 6.54296875
1.630066 7.32421875
1.630066 8.0078125
1.630066 8.7890625
1.630066 8.837890625
1.630066 8.88671875
1.630066 5.810546875
1.630066 5.859375
1.630066 6.640625
1.630066 7.421875
1.630066 8.203125
1.630066 8.984375
1.630066 9.765625
1.631064 9.765625
1.631066 9.765625
1.631067 9.814453125
1.631067 9.86328125
1.631067 9.912109375
1.631067 9.9609375
1.640065 9.814453125
1.640066 9.5703125
1.640066 4.1015625
1.640066 4.150390625
1.640066 4.19921875
1.640067 4.248046875
1.640067 4.296875
1.640067 5.078125
1.640067 5.859375
1.640067 6.640625
1.640067 6.689453125
1.640067 6.73828125
1.640067 6.787109375
1.640067 6.8359375
1.640067 6.884765625
1.640067 6.93359375
1.640067 6.982421875
1.640067 7.03125
1.640067 7.8125
1.640067 8.59375
1.640068 9.375
1.641065 9.375
1.641067 9.1796875
1.641068 9.228515625
1.641068 9.27734375
1.650066 9.1796875
1.650067 7.91015625
1.650067 8.69140625
1.650067 5.56640625
1.650067 5.615234375
1.650068 5.6640625
1.650068 5.712890625
1.650068 6.494140625
1.650068 7.275390625
1.650068 7.32421875
1.650068 7.373046875
1.650068 7.421875
1.650068 6.689453125
1.650068 6.73828125
1.650068 7.51953125
1.650068 8.30078125
1.650068 9.08203125
1.650068 9.86328125
1.651066 9.86328125
1.651068 9.86328125
1.660067 9.716796875
1.660068 8.154296875
1.660068 8.935546875
1.660068 9.716796875
1.660068 9.765625
1.660068 9.47265625
1.660068 9.521484375
1.660068 5.615234375
1.660069 6.396484375
1.660069 6.4453125
1.660069 6.494140625
1.660069 6.54296875
1.660069 6.591796875
1.660069 7.373046875
1.660069 7.421875
1.660069 7.470703125
1.660069 7.51953125
1.660069 7.568359375
1.660069 7.6171875
1.660069 7.666015625
1.660069 8.447265625
1.660069 9.228515625
1.661067 9.228515625
1.661069 9.228515625
1.670068 9.228515625
1.670068 9.86328125
1.670069 7.51953125
1.670069 8.30078125
1.670069 7.861328125
1.670069 7.91015625
1.670069 7.958984375
1.670069 8.0078125
1.670069 4.931640625
1.670069 4.98046875
1.670069 5.029296875
1.67007 5.810546875
1.67007 6.591796875
1.67007 7.373046875
1.67007 7.421875
1.67007 7.470703125
1.67007 7.51953125
1.67007 7.568359375
1.67007 8.349609375
1.67007 9.130859375
1.67007 9.912109375
1.671068 9.912109375
1.67107 9.912109375
1.680069 8.7890625
1.680069 9.5703125
1.68007 8.7890625
1.68007 9.5703125
1.68007 5.46875
1.68007 5.517578125
1.68007 5.56640625
1.68007 5.615234375
1.68007 5.6640625
1.68007 5.712890625
1.68007 5.76171875
1.680071 6.54296875
1.680071 7.32421875
1.680071 8.10546875
1.680071 8.88671875
1.680071 9.66796875
1.681069 9.66796875
1.681071 9.66796875
1.681071 9.716796875
1.681071 9.765625
1.681071 9.814453125
1.681071 9.86328125
1.681071 9.912109375
1.682062 9.9609375
1.69007 9.1796875
1.69007 9.9609375
1.690071 8.10546875
1.690071 8.88671875
1.690071 8.935546875
1.690071 5.078125
1.690071 5.126953125
1.690071 5.17578125
1.690071 5.224609375
1.690071 5.2734375
1.690071 5.322265625
1.690072 6.103515625
1.690072 6.884765625
1.690072 7.666015625
1.690072 8.447265625
1.690072 9.228515625
1.69107 9.228515625
1.69107 9.27734375
1.69107 9.326171875
1.69107 9.375
1.69107 9.423828125
1.69107 9.47265625
1.691072 9.228515625
1.691072 9.27734375
1.691072 9.326171875
1.700071 8.154296875
1.700071 8.935546875
1.700072 8.154296875
1.700072 8.935546875
1.700072 9.716796875
1.700072 6.591796875
1.700072 6.640625
1.700072 6.689453125
1.700072 6.73828125
1.700072 6.787109375
1.700072 7.568359375
1.700072 8.349609375
1.700073 9.130859375
1.700073 9.912109375
1.701071 9.66796875
1.701073 9.5703125
1.710072 8.7890625
1.710072 8.837890625
1.710072 8.88671875
1.710072 8.740234375
1.710072 8.7890625
1.710073 4.150390625
1.710073 4.19921875
1.710073 4.98046875
1.710073 5.76171875
1.710073 6.54296875
1.710073 7.32421875
1.710073 8.10546875
1.710073 8.154296875
1.710073 8.935546875
1.710073 9.716796875
1.710073 9.765625
1.710073 8.251953125
1.710073 8.30078125
1.710073 8.349609375
1.710073 8.3984375
1.710074 8.447265625
1.710074 8.49609375
1.711062 8.544921875
1.711063 9.326171875
1.711072 9.326171875
1.711074 9.326171875
1.720073 8.740234375
1.720073 3.3203125
1.720073 3.369140625
1.720073 3.41796875
1.720073 3.466796875
1.720074 3.41796875
1.720074 4.19921875
1.720074 4.98046875
1.720074 5.76171875
1.720074 6.54296875
1.720074 6.591796875
1.720074 6.640625
1.720074 6.689453125
1.720074 6.73828125
1.720074 6.787109375
1.720074 6.8359375
1.720074 6.884765625
1.720074 7.666015625
1.720074 8.447265625
1.720074 9.228515625
1.721063 9.1796875
1.721064 9.9609375
1.721073 9.9609375
1.721075 9.9609375
1.730074 9.765625
1.730074 4.6875
1.730074 5.46875
1.730074 6.25
1.730074 7.03125
1.730075 7.080078125
1.730075 7.12890625
1.730075 7.177734375
1.730075 7.2265625
1.730075 8.0078125
1.730075 8.7890625
1.730075 9.5703125
1.731064 9.5703125
1.731065 8.837890625
1.731071 8.88671875
1.731071 8.935546875
1.731071 8.984375
1.731071 9.033203125
1.731071 9.08203125
1.731074 8.349609375
1.731074 9.130859375
1.731075 9.912109375
1.731076 9.912109375
1.740075 6.787109375
1.740075 7.568359375
1.740075 8.349609375
1.740075 9.130859375
1.740075 9.912109375
1.740075 9.9609375
1.740075 9.814453125
1.740075 9.86328125
1.740075 9.912109375
1.740075 9.9609375
1.740076 7.666015625
1.740076 7.71484375
1.740076 7.763671875
1.740076 7.8125
1.740076 7.861328125
1.740076 7.91015625
1.740076 7.958984375
1.741065 7.91015625
1.741066 8.69140625
1.741072 9.228515625
1.741075 9.1796875
1.741075 9.228515625
1.741075 9.228515625
1.741077 9.228515625
1.750076 5.859375
1.750076 6.298828125
1.750076 7.080078125
1.750076 7.861328125
1.750076 8.642578125
1.750076 8.69140625
1.750076 9.47265625
1.750076 9.521484375
1.750076 9.5703125
1.750076 9.619140625
1.750076 9.66796875
1.750077 9.716796875
1.750077 9.765625
1.750077 9.814453125
1.751066 9.814453125
1.751067 9.814453125
1.751073 9.814453125
1.751076 8.984375
1.751076 9.765625
1.751078 9.765625
1.760077 5.615234375
1.760077 6.396484375
1.760077 7.177734375
1.760077 7.958984375
1.760077 8.59375
1.760077 9.375
1.760077 9.423828125
1.760077 9.47265625
1.760077 9.521484375
1.760077 9.5703125
1.760077 9.619140625
1.761067 9.619140625
1.761068 8.88671875
1.761072 8.935546875
1.761072 8.984375
1.761072 9.033203125
1.761072 9.08203125
1.761073 9.130859375
1.761074 8.3984375
1.761075 9.1796875
1.761075 9.9609375
1.761077 9.1796875
1.761077 9.9609375
1.761079 9.9609375
1.770078 5.810546875
1.770078 6.591796875
1.770078 7.373046875
1.770078 7.421875
1.770078 7.470703125
1.770078 7.51953125
1.770078 7.568359375
1.770078 7.6171875
1.770078 7.666015625
1.770078 7.71484375
1.770078 7.763671875
1.770078 7.8125
1.770078 7.861328125
1.770078 7.91015625
1.771068 7.12890625
1.771069 7.91015625
1.771073 8.447265625
1.771073 9.228515625
1.771074 9.9609375
1.771075 9.1796875
1.771076 9.228515625
1.771078 8.447265625
1.771078 9.228515625
1.77108 9.228515625
1.780079 7.12890625
1.780079 7.91015625
1.780079 8.69140625
1.780079 9.47265625
1.781069 9.423828125
1.78107 9.47265625
1.781073 9.521484375
1.781073 9.5703125
1.781074 8.056640625
1.781074 8.10546875
1.781074 8.154296875
1.781075 7.421875
1.781075 7.470703125
1.781076 7.470703125
1.781076 8.251953125
1.781076 8.984375
1.781077 9.765625
1.781079 8.984375
1.781079 9.765625
1.781081 9.765625
1.79008 7.421875
1.79008 8.203125
1.79008 8.984375
1.79008 9.765625
1.79107 9.716796875
1.791071 9.765625
1.791074 9.5703125
1.791074 9.619140625
1.791075 9.5703125
1.791075 9.619140625
1.791076 8.056640625
1.791076 8.10546875
1.791077 8.154296875
1.791077 8.203125
1.791077 8.251953125
1.791077 8.30078125
1.791077 8.349609375
1.791077 8.3984375
1.791077 8.447265625
1.791078 8.447265625
1.791079 9.228515625
1.79108 8.447265625
1.79108 9.228515625
1.791082 9.228515625
1.800081 6.884765625
1.800081 7.666015625
1.800081 8.447265625
1.800081 8.49609375
1.801071 7.71484375
1.801072 7.763671875
1.801075 7.71484375
1.801075 7.666015625
1.801075 7.71484375
1.801076 6.93359375
1.801076 6.982421875
1.801077 6.689453125
1.801077 6.73828125
1.801078 6.005859375
1.801078 6.0546875
1.801078 6.8359375
1.801078 7.6171875
1.801078 8.3984375
1.801078 9.1796875
1.801078 9.9609375
1.801079 9.228515625
1.801081 8.447265625
1.801081 9.228515625
1.801083 9.228515625
1.810082 7.6171875
1.810082 8.3984375
1.810082 9.1796875
1.810082 9.9609375
1.811078 6.298828125
1.811078 6.34765625
1.811079 7.12890625
1.811079 7.177734375
1.811079 7.2265625
1.811079 7.275390625
1.811079 7.32421875
1.811079 7.373046875
1.811079 7.421875
1.811079 7.470703125
1.811079 8.251953125
1.811079 9.033203125
1.811079 9.765625
1.811082 8.984375
1.811082 9.765625
1.811084 9.765625
1.820083 7.421875
1.820083 8.203125
1.820083 8.984375
1.820083 9.765625
1.821072 9.814453125
1.821073 9.86328125
1.821076 9.912109375
1.821076 9.9609375
1.821079 9.1796875
1.821079 9.9609375
1.821079 7.275390625
1.82108 8.056640625
1.82108 8.10546875
1.82108 8.154296875
1.82108 8.203125
1.82108 8.251953125
1.82108 8.30078125
1.82108 8.349609375
1.82108 8.3984375
1.82108 8.447265625
1.82108 9.228515625
1.82108 9.27734375
1.82108 9.326171875
1.82108 9.375
1.821083 7.861328125
1.821083 8.642578125
1.821085 8.642578125
1.822076 9.423828125
1.830084 7.080078125
1.830084 7.861328125
1.830084 8.642578125
1.830084 9.423828125
1.831073 9.375
1.831074 9.423828125
1.831077 9.375
1.831077 9.423828125
1.831077 9.47265625
1.831077 9.521484375
1.831079 9.5703125
1.83108 8.203125
1.83108 8.984375
1.83108 8.203125
1.831081 8.984375
1.831081 9.033203125
1.831081 9.08203125
1.831081 9.86328125
1.831081 9.912109375
1.831081 9.9609375
1.831084 9.912109375
1.831086 9.912109375
1.832077 9.912109375
1.840085 7.568359375
1.840085 8.349609375
1.840085 9.130859375
1.840085 9.912109375
1.84108 8.0078125
1.841081 8.7890625
1.841081 9.5703125
1.841082 8.59375
1.841082 9.375
1.841082 9.423828125
1.841085 9.423828125
1.841087 8.69140625
1.842074 8.740234375
1.842075 8.7890625
1.842078 8.056640625
1.842078 8.10546875
1.842078 8.154296875
1.842078 8.935546875
1.842078 9.716796875
1.850086 7.373046875
1.850086 8.154296875
1.850086 8.935546875
1.850086 9.716796875
1.851081 9.716796875
1.851081 9.765625
1.851081 9.814453125
1.851081 9.86328125
1.851081 9.912109375
1.851081 9.9609375
1.851082 9.1796875
1.851082 9.9609375
1.851083 9.130859375
1.851083 9.912109375
1.851083 9.9609375
1.851086 9.228515625
1.851088 9.228515625
1.852075 9.1796875
1.852076 9.228515625
1.852079 7.568359375
1.852079 7.6171875
1.852079 7.666015625
1.852079 7.71484375
1.852079 7.763671875
1.852079 7.8125
1.852079 7.861328125
1.852079 8.642578125
1.852079 8.69140625
1.852081 9.47265625
1.860087 7.12890625
1.860087 7.91015625
1.860087 7.958984375
1.860087 8.0078125
1.861081 8.7890625
1.861081 9.5703125
1.861082 9.326171875
1.861082 9.375
1.861082 9.423828125
1.861082 9.47265625
1.861082 9.521484375
1.861082 8.0078125
1.861082 8.7890625
1.861082 9.5703125
1.861084 8.740234375
1.861084 9.521484375
1.86208 8.935546875
1.86208 8.984375
1.86208 9.033203125
1.86208 9.08203125
1.86208 9.130859375
1.86208 9.912109375
1.862081 9.912109375
1.870088 9.033203125
1.870088 9.814453125
1.871082 9.033203125
1.871082 9.08203125
1.871082 9.86328125
1.871083 8.056640625
1.871083 8.837890625
1.871083 9.619140625
1.871085 8.837890625
1.871085 9.619140625
1.872081 8.642578125
1.872081 9.423828125
1.872081 9.423828125
1.872081 9.47265625
1.872081 9.521484375
1.872081 9.5703125
1.880089 8.7890625
1.880089 9.5703125
1.880089 9.619140625
1.881076 9.66796875
1.881077 9.716796875
1.88108 9.765625
1.88108 9.814453125
1.881083 8.984375
1.881083 9.765625
1.881083 8.203125
1.881084 8.984375
1.881084 9.765625
1.881084 9.814453125
1.881084 9.86328125
1.881084 9.912109375
1.881086 8.3984375
1.881086 9.1796875
1.881087 9.9609375
1.882082 8.251953125
1.882082 9.033203125
1.882082 9.08203125
1.882082 9.130859375
1.882082 9.1796875
1.882082 9.228515625
1.882082 9.27734375
1.89009 8.447265625
1.89009 8.49609375
1.89009 8.544921875
1.891077 8.49609375
1.891078 8.544921875
1.89108 8.59375
1.891081 8.544921875
1.891081 8.59375
1.891082 8.642578125
1.891082 9.423828125
1.891084 7.71484375
1.891084 8.49609375
1.891084 8.544921875
1.891085 7.03125
1.891085 7.8125
1.891085 8.59375
1.891085 9.375
1.891087 9.326171875
1.891087 9.326171875
1.891088 9.375
1.891088 9.423828125
1.891088 9.47265625
1.892083 7.71484375
1.892083 7.763671875
1.892083 8.544921875
1.892083 9.326171875
1.900091 9.228515625
1.900091 9.27734375
1.901078 9.9609375
1.901081 9.86328125
1.901082 9.08203125
1.901082 9.130859375
1.901082 9.912109375
1.901085 9.08203125
1.901085 9.814453125
1.901085 8.251953125
1.901086 9.033203125
1.901086 9.08203125
1.901086 9.86328125
1.901088 8.935546875
1.901088 9.716796875
1.902084 8.837890625
1.902084 9.619140625
1.910092 9.5703125
1.911079 9.5703125
1.911082 9.423828125
1.911083 9.47265625
1.911086 7.91015625
1.911086 7.91015625
1.911086 7.958984375
1.911086 8.740234375
1.911087 7.2265625
1.911087 7.275390625
1.911087 7.32421875
1.911089 6.54296875
1.911089 6.591796875
1.911089 6.640625
1.911089 7.421875
1.911089 8.203125
1.911091 8.984375
1.911092 9.033203125
1.912079 9.08203125
1.912083 9.86328125
1.912085 9.08203125
1.912085 9.130859375
1.912085 9.912109375
1.913083 9.9609375
1.920093 9.9609375
1.92108 9.228515625
1.921083 9.228515625
1.921083 9.9609375
1.921087 8.203125
1.921087 8.251953125
1.921087 8.30078125
1.921087 8.349609375
1.921088 8.3984375
1.921088 9.1796875
1.921088 9.228515625
1.92109 6.8359375
1.92109 6.884765625
1.92109 6.93359375
1.92109 6.982421875
1.92109 7.03125
1.921092 6.25
1.921093 7.03125
1.92208 7.03125
1.922083 7.080078125
1.922083 7.861328125
1.922083 8.642578125
1.922083 9.423828125
1.922084 9.423828125
1.922086 8.59375
1.922086 8.642578125
1.922086 8.69140625
1.923083 8.740234375
1.923083 9.521484375
1.930094 9.47265625
1.931081 9.47265625
1.931084 8.69140625
1.931084 9.47265625
1.931084 9.521484375
1.931084 9.5703125
1.931084 9.619140625
1.931088 9.326171875
1.931091 9.86328125
1.931091 9.912109375
1.931093 9.86328125
1.931094 9.912109375
1.932081 9.912109375
1.932084 8.30078125
1.932084 9.08203125
1.932084 9.86328125
1.932084 9.86328125
1.932085 9.912109375
1.932087 9.814453125
1.933084 9.765625
1.940095 9.765625
1.941085 8.7890625
1.941085 9.5703125
1.941089 9.5703125
1.941092 9.521484375
1.941094 9.47265625
1.942085 7.080078125
1.942085 7.12890625
1.942085 7.91015625
1.942085 7.91015625
1.942085 7.958984375
1.942085 8.0078125
1.942085 8.7890625
1.942086 8.837890625
1.942087 8.88671875
1.942087 9.66796875
1.942088 9.66796875
1.942088 9.716796875
1.943085 9.716796875
1.943088 9.765625
1.950096 9.765625
1.951082 9.814453125
1.951082 9.86328125
1.951086 9.08203125
1.951086 9.86328125
1.95109 9.86328125
1.951091 9.912109375
1.951091 9.9609375
1.951093 9.9609375
1.951095 9.228515625
1.952086 7.421875
1.952086 8.203125
1.952086 8.251953125
1.952086 8.30078125
1.952086 8.349609375
1.952086 8.3984375
1.952086 9.1796875
1.952087 8.3984375
1.952088 8.447265625
1.952088 8.447265625
1.952088 7.71484375
1.952089 7.763671875
1.952089 7.8125
1.952089 7.861328125
1.952089 7.91015625
1.952089 7.958984375
1.952091 8.0078125
1.952092 8.056640625
1.952092 8.837890625
1.952095 9.619140625
1.953086 9.619140625
1.960097 9.5703125
1.961087 8.69140625
1.961087 8.740234375
1.961089 9.521484375
1.961091 8.69140625
1.961092 9.47265625
1.961092 9.521484375
1.961094 9.521484375
1.961096 9.521484375
1.962087 7.71484375
1.962087 8.49609375
1.962087 8.544921875
1.962087 8.59375
1.962087 8.642578125
1.962087 9.423828125
1.962089 9.814453125
1.962089 9.86328125
1.962092 9.765625
1.962093 9.814453125
1.962093 9.86328125
1.962096 9.130859375
1.963083 9.912109375
1.963087 9.912109375
1.970098 9.912109375
1.971088 9.86328125
1.97109 9.86328125
1.971092 9.765625
1.971095 9.765625
1.972088 8.0078125
1.972088 8.7890625
1.972088 9.5703125
1.97209 9.521484375
1.972093 9.521484375
1.973084 9.375
1.973088 9.375
1.980099 9.375
1.981083 9.423828125
1.981089 9.423828125
1.981089 9.47265625
1.98109 9.521484375
1.98109 9.5703125
1.98109 9.619140625
1.981091 9.619140625
1.981091 9.66796875
1.981093 9.66796875
1.981093 9.716796875
1.981096 9.716796875
1.981097 9.765625
1.982089 8.203125
1.982089 8.251953125
1.982089 8.30078125
1.98209 8.349609375
1.98209 9.130859375
1.98209 9.912109375
1.982091 9.912109375
1.982093 9.9609375
1.982094 9.9609375
1.983085 9.228515625
1.983089 9.228515625
1.9901 9.228515625
1.991084 9.9609375
1.99109 9.033203125
1.99109 9.08203125
1.991091 8.30078125
1.991091 8.349609375
1.991091 8.3984375
1.991092 8.447265625
1.991092 8.49609375
1.991094 7.71484375
1.991094 7.763671875
1.991094 7.8125
1.991094 7.861328125
1.991097 7.12890625
1.991097 7.12890625
1.991098 7.177734375
1.992083 7.2265625
1.992083 8.0078125
1.992083 8.056640625
1.992083 8.837890625
1.992083 9.619140625
1.99209 9.47265625
1.99209 8.69140625
1.99209 8.740234375
1.992091 9.521484375
1.992091 9.5703125
1.992091 9.5703125
1.992092 9.619140625
1.992094 9.5703125
1.992095 9.619140625
1.99309 9.5703125
2.000101 9.5703125
2.001084 9.619140625
2.001084 9.66796875
2.001085 9.66796875
2.001086 9.716796875
2.001095 9.9609375
2.001098 9.86328125
2.002084 8.203125
2.002084 8.251953125
2.002084 8.30078125
2.002084 8.349609375
2.002084 9.130859375
2.002087 9.912109375
2.002091 9.08203125
2.002091 9.86328125
2.002091 9.033203125
2.002092 9.814453125
2.002095 9.765625
2.003091 9.716796875
2.010102 9.716796875
2.011085 9.619140625
2.011096 9.5703125
2.012085 8.59375
2.012085 9.375
2.012088 9.375
2.012092 7.8125
2.012092 7.861328125
2.012092 7.91015625
2.012092 7.958984375
2.012092 8.740234375
2.012092 9.521484375
2.012092 9.5703125
2.012092 9.619140625
2.012093 9.619140625
2.012093 9.66796875
2.012093 9.716796875
2.012096 9.716796875
2.013092 9.716796875
2.013093 9.765625
2.020103 9.765625
2.021085 9.814453125
2.021085 9.86328125
2.021086 9.86328125
2.021097 9.86328125
2.021098 9.912109375
2.022086 9.130859375
2.022086 9.1796875
2.022086 9.9609375
2.022089 9.228515625
2.022091 9.27734375
2.022093 7.373046875
2.022093 8.154296875
2.022093 8.935546875
2.022093 8.203125
2.022093 8.251953125
2.022093 8.30078125
2.022093 8.349609375
2.022093 8.3984375
2.022094 8.447265625
2.022094 8.49609375
2.022094 8.544921875
2.022095 8.59375
2.022095 8.642578125
2.022095 8.69140625
2.022096 8.740234375
2.022097 8.0078125
2.022099 8.056640625
2.022099 8.10546875
2.022099 8.154296875
2.023085 8.935546875
2.023085 9.716796875
2.023093 9.66796875
2.030104 9.66796875
2.031086 9.5703125
2.031086 9.619140625
2.031098 9.5703125
2.032087 8.740234375
2.032087 8.7890625
2.032087 8.837890625
2.032087 9.619140625
2.032087 9.66796875
2.032094 7.763671875
2.032094 8.3984375
2.032094 8.447265625
2.032094 8.49609375
2.032094 9.27734375
2.032094 9.326171875
2.032094 9.375
2.032096 9.9609375
2.033086 8.984375
2.033086 9.765625
2.033088 9.814453125
2.033088 9.86328125
2.033088 9.912109375
2.033094 9.912109375
2.040105 9.912109375
2.041087 9.86328125
2.041099 9.86328125
2.042088 8.935546875
2.042088 9.716796875
2.042095 7.958984375
2.042095 8.740234375
2.042095 9.521484375
2.042097 9.521484375
2.043087 8.740234375
2.043087 9.521484375
2.043095 9.375
2.050106 9.375
2.051088 9.375
2.0511 9.375
2.052089 8.59375
2.052089 8.642578125
2.052089 8.69140625
2.052089 8.740234375
2.052089 8.7890625
2.05209 8.837890625
2.052091 9.619140625
2.052092 9.66796875
2.052094 9.716796875
2.052094 9.765625
2.052096 8.203125
2.052096 8.984375
2.052096 9.765625
2.052096 9.814453125
2.052096 9.86328125
2.052097 9.912109375
2.052098 9.912109375
2.053088 9.130859375
2.053088 9.912109375
2.053096 9.912109375
2.053098 9.9609375
2.060107 9.228515625
2.061087 9.27734375
2.061089 9.27734375
2.061101 9.27734375
2.06209 9.033203125
2.06209 9.08203125
2.06209 9.130859375
2.06209 9.1796875
2.06209 9.228515625
2.062091 8.49609375
2.062092 8.49609375
2.062093 8.544921875
2.062095 8.49609375
2.062095 8.544921875
2.062095 8.59375
2.062095 8.642578125
2.062095 8.69140625
2.062095 8.740234375
2.062095 8.7890625
2.062095 8.837890625
2.062095 8.88671875
2.062097 6.4453125
2.062097 7.2265625
2.062097 8.0078125
2.062097 8.7890625
2.062097 9.5703125
2.062098 9.5703125
2.062099 9.619140625
2.063089 8.837890625
2.063089 9.619140625
2.063097 9.619140625
2.063099 9.619140625
2.063099 9.66796875
2.0631 9.716796875
2.07109 9.619140625
2.071102 9.619140625
2.072091 9.375
2.072091 9.423828125
2.072091 9.47265625
2.072091 9.521484375
2.072091 9.5703125
2.072096 9.814453125
2.072097 7.421875
2.072098 8.203125
2.072098 8.251953125
2.072098 8.30078125
2.072098 8.349609375
2.072098 8.349609375
2.072099 9.08203125
2.0721 9.86328125
2.07309 9.08203125
2.07309 9.86328125
2.073098 9.86328125
2.081091 9.716796875
2.081103 9.716796875
2.082092 9.521484375
2.082096 9.521484375
2.082098 9.375
2.082099 8.59375
2.082099 9.375
2.082099 9.375
2.0821 9.375
2.083091 8.59375
2.083091 9.375
2.083092 9.423828125
2.083092 9.47265625
2.083092 9.521484375
2.083092 9.5703125
2.083099 9.5703125
2.083099 9.619140625
2.091092 9.619140625
2.091092 9.66796875
2.091093 9.716796875
2.091094 9.765625
2.091104 9.765625
2.092093 9.765625
2.092097 9.765625
2.092097 9.814453125
2.092099 9.08203125
2.092099 9.130859375
2.0921 7.568359375
2.0921 8.349609375
2.0921 8.349609375
2.0921 9.130859375
2.0921 9.1796875
2.0921 9.228515625
2.0921 9.27734375
2.092101 9.326171875
2.093092 8.349609375
2.093092 9.130859375
2.093093 9.912109375
2.093093 9.9609375
2.0931 9.1796875
2.0931 9.228515625
2.093101 9.27734375
2.093101 9.326171875
2.093101 9.375
2.093108 9.423828125
2.094088 9.47265625
2.094088 9.521484375
2.094088 9.5703125
2.094088 9.619140625
2.094088 9.66796875
2.094088 9.716796875
2.094093 9.765625
2.094093 9.814453125
2.094096 9.86328125
2.101093 9.765625
2.101105 9.716796875
2.102093 9.716796875
2.102098 9.66796875
2.102098 9.716796875
2.1021 7.12890625
2.1021 7.177734375
2.102101 7.91015625
2.102101 8.69140625
2.102101 9.47265625
2.102101 9.521484375
2.102101 9.5703125
2.102101 9.619140625
2.103093 8.7890625
2.103093 9.5703125
2.103094 9.5703125
2.103094 9.619140625
2.103094 9.66796875
2.103094 9.716796875
2.103095 9.765625
2.104089 9.9609375
2.111094 9.814453125
2.111106 9.814453125
2.112094 9.814453125
2.112094 9.86328125
2.112094 9.912109375
2.112096 9.9609375
2.112099 9.912109375
2.112101 8.30078125
2.112101 9.08203125
2.112101 9.86328125
2.112101 9.716796875
2.113094 8.0078125
2.113094 8.7890625
2.113095 9.521484375
2.11409 9.521484375
2.121095 9.521484375
2.121107 9.521484375
2.122095 9.423828125
2.122099 9.375
2.122102 7.03125
2.122102 7.8125
2.122102 8.59375
2.122102 9.375
2.122102 9.423828125
2.122102 9.47265625
2.122102 9.521484375
2.122102 9.5703125
2.123095 8.0078125
2.123095 8.056640625
2.123095 8.837890625
2.123095 8.88671875
2.123095 8.935546875
2.123095 8.984375
2.123095 9.765625
2.124091 9.765625
2.131096 9.765625
2.131096 9.814453125
2.131096 9.86328125
2.131096 9.912109375
2.131108 9.912109375
2.132096 9.912109375
2.1321 9.912109375
2.132102 7.470703125
2.132102 7.51953125
2.132102 7.568359375
2.132102 7.6171875
2.132102 7.666015625
2.132102 8.447265625
2.132103 9.130859375
2.132103 9.912109375
2.132103 9.9609375
2.133096 7.470703125
2.133096 7.51953125
2.133096 7.568359375
2.133096 7.6171875
2.133096 7.666015625
2.133096 7.71484375
2.133096 7.763671875
2.133096 7.8125
2.133096 7.861328125
2.133096 7.91015625
2.133096 7.958984375
2.133097 8.0078125
2.133097 8.056640625
2.133098 8.10546875
2.1331 8.154296875
2.133101 8.203125
2.133103 8.984375
2.133103 9.765625
2.134092 9.765625
2.141097 9.619140625
2.141097 9.66796875
2.141097 9.716796875
2.141097 9.765625
2.141109 9.765625
2.142097 9.765625
2.142101 9.765625
2.142103 7.177734375
2.142103 7.2265625
2.142103 7.275390625
2.142103 8.056640625
2.142103 8.837890625
2.142103 9.619140625
2.142103 9.66796875
2.142103 9.716796875
2.142103 9.765625
2.142104 9.814453125
2.142104 9.86328125
2.143098 9.9609375
2.143103 9.08203125
2.143104 9.86328125
2.144093 9.86328125
2.144097 9.912109375
2.144097 9.9609375
2.151097 9.814453125
2.151109 9.814453125
2.152097 9.814453125
2.152101 9.814453125
2.152104 7.2265625
2.152104 8.0078125
2.152104 8.69140625
2.152104 9.47265625
2.153098 9.47265625
2.153104 8.69140625
2.153104 9.47265625
2.154094 9.47265625
2.161097 9.375
2.16111 9.375
2.162098 9.375
2.162102 9.375
2.162104 7.8125
2.162104 8.59375
2.162104 8.642578125
2.162104 8.69140625
2.162104 8.740234375
2.162104 8.7890625
2.162105 8.7890625
2.162105 9.5703125
2.163098 9.5703125
2.163098 9.619140625
2.163098 9.66796875
2.163098 9.716796875
2.163099 9.765625
2.163099 9.814453125
2.163099 9.86328125
2.163102 9.912109375
2.163105 9.130859375
2.163105 9.912109375
2.164095 9.912109375
2.171098 9.912109375
2.17111 9.912109375
2.172098 9.912109375
2.172102 9.912109375
2.172103 9.9609375
2.172105 8.251953125
2.172105 6.73828125
2.172105 6.787109375
2.172105 7.568359375
2.172105 8.349609375
2.172105 8.3984375
2.172105 8.447265625
2.172105 8.49609375
2.172105 8.544921875
2.172105 8.59375
2.172105 8.642578125
2.172106 8.69140625
2.172106 8.740234375
2.172111 8.7890625
2.173089 8.837890625
2.173089 8.88671875
2.173089 8.935546875
2.173089 8.984375
2.173089 9.033203125
2.173097 9.08203125
2.173097 9.130859375
2.173097 9.1796875
2.173097 9.228515625
2.173099 9.033203125
2.173099 9.716796875
2.173106 8.88671875
2.173106 9.66796875
2.174096 8.935546875
2.174097 8.984375
2.174097 9.033203125
2.174098 9.814453125
2.181099 9.814453125
2.181111 9.814453125
2.182099 9.814453125
2.182103 9.814453125
2.182106 8.447265625
2.182106 9.228515625
2.182106 9.27734375
2.182106 9.326171875
2.182106 9.375
2.182106 9.423828125
2.182106 9.47265625
2.182106 9.521484375
2.182106 9.5703125
2.183098 9.86328125
2.183099 9.08203125
2.183099 9.86328125
2.183106 9.08203125
2.183106 9.130859375
2.183107 9.1796875
2.183107 9.9609375
2.184098 9.814453125
2.191099 9.814453125
2.191112 9.814453125
2.1921 9.814453125
2.192103 9.814453125
2.192107 8.69140625
2.192107 9.47265625
2.193098 9.47265625
2.1931 8.69140625
2.1931 9.47265625
2.193107 9.423828125
2.193107 9.375
2.194098 9.375
2.2011 9.375
2.201112 9.375
2.2021 9.375
2.202104 9.375
2.202104 9.423828125
2.202104 9.47265625
2.202107 7.958984375
2.202107 8.0078125
2.202107 8.7890625
2.202107 9.5703125
2.203099 9.5703125
2.2031 8.7890625
2.2031 8.837890625
2.2031 8.88671875
2.2031 8.935546875
2.2031 8.984375
2.203101 9.033203125
2.203101 9.08203125
2.203101 9.130859375
2.203107 8.349609375
2.203107 9.130859375
2.203107 9.912109375
2.204099 9.912109375
2.211101 9.912109375
2.211113 9.912109375
2.212101 9.912109375
2.212105 9.08203125
2.212105 9.130859375
2.212105 9.1796875
2.212107 9.1796875
2.212107 9.9609375
2.212108 8.3984375
2.212108 9.1796875
2.212108 9.228515625
2.212108 9.27734375
2.212108 9.326171875
2.212108 9.375
2.212108 9.423828125
2.212108 9.47265625
2.212108 9.521484375
2.212108 9.5703125
2.212113 9.619140625
2.21309 9.66796875
2.21309 9.716796875
2.21309 9.765625
2.21309 9.814453125
2.21309 9.86328125
2.213097 9.912109375
2.213098 9.9609375
2.213099 9.228515625
2.213101 8.88671875
2.213101 9.66796875
2.213108 8.10546875
2.213108 8.154296875
2.213108 8.203125
2.214098 8.984375
2.214098 9.033203125
2.214098 9.08203125
2.214098 9.86328125
2.214099 9.86328125
2.221101 9.86328125
2.221114 9.86328125
2.222101 9.86328125
2.222108 8.447265625
2.222108 9.228515625
2.222109 9.27734375
2.222109 9.326171875
2.222109 9.375
2.222109 9.423828125
2.222109 9.47265625
2.222109 9.521484375
2.222109 9.5703125
2.223098 9.9609375
2.223101 9.130859375
2.223102 9.912109375
2.223102 9.9609375
2.223109 9.86328125
2.223109 9.912109375
2.224099 9.033203125
2.224099 9.814453125
2.224099 9.814453125
2.231102 9.814453125
2.231114 9.814453125
2.232102 9.814453125
2.232109 8.69140625
2.232109 9.47265625
2.233099 9.47265625
2.233102 8.642578125
2.233102 9.423828125
2.23311 9.375
2.234099 9.375
2.2341 8.59375
2.2341 9.375
2.241102 9.375
2.241115 9.375
2.242102 9.375
2.242102 9.423828125
2.242102 9.47265625
2.242103 9.521484375
2.24211 8.740234375
2.24211 9.521484375
2.2431 9.521484375
2.2431 9.5703125
2.2431 9.619140625
2.243103 8.837890625
2.243103 9.619140625
2.243103 9.66796875
2.243103 9.716796875
2.243103 9.765625
2.243106 9.814453125
2.243106 9.86328125
2.243106 9.912109375
2.24311 9.912109375
2.2441 8.349609375
2.2441 9.130859375
2.2441 9.912109375
2.251103 9.912109375
2.251115 9.912109375
2.252103 9.765625
2.252103 9.814453125
2.252103 9.86328125
2.252104 9.912109375
2.25211 9.130859375
2.25211 9.1796875
2.25211 9.9609375
2.2531 9.1796875
2.253101 9.1796875
2.253101 9.228515625
2.253101 9.27734375
2.253101 9.326171875
2.253101 9.375
2.253104 7.71484375
2.253104 7.763671875
2.253104 7.8125
2.253104 7.861328125
2.253104 7.91015625
2.253107 7.8125
2.253107 7.861328125
2.253107 7.91015625
2.253109 7.958984375
2.253109 8.0078125
2.253109 8.056640625
2.253109 8.10546875
2.25311 8.88671875
2.25311 9.66796875
2.25311 9.66796875
2.25311 9.716796875
2.25311 9.765625
2.253111 9.814453125
2.254101 8.251953125
2.254101 9.033203125
2.254101 9.08203125
2.254111 9.130859375
2.254111 9.912109375
2.261104 9.912109375
2.261116 9.912109375
2.262104 9.765625
2.262111 8.935546875
2.262111 9.716796875
2.262111 9.765625
2.262111 9.814453125
2.262116 9.86328125
2.263091 9.912109375
2.263091 9.9609375
2.263101 9.716796875
2.263102 9.765625
2.26311 7.51953125
2.26311 8.30078125
2.26311 9.08203125
2.26311 9.130859375
2.263111 9.86328125
2.263111 9.912109375
2.264102 9.08203125
2.264102 9.86328125
2.264111 9.814453125
2.271104 9.814453125
2.271117 9.814453125
2.272104 9.814453125
2.272111 8.984375
2.272111 9.765625
2.273111 7.03125
2.273111 7.8125
2.273111 8.59375
2.273111 9.375
2.274102 8.59375
2.274102 9.375
2.274112 9.375
2.281105 9.375
2.281117 9.375
2.282105 9.375
2.282105 9.423828125
2.282105 9.47265625
2.282105 9.521484375
2.282112 8.740234375
2.282112 9.521484375
2.283112 7.177734375
2.283112 7.2265625
2.283112 7.275390625
2.283112 8.056640625
2.283112 8.837890625
2.283112 8.88671875
2.283112 9.66796875
2.283112 9.716796875
2.283112 9.765625
2.283112 9.814453125
2.283112 9.86328125
2.283112 9.912109375
2.284102 9.912109375
2.284103 9.912109375
2.284112 9.912109375
2.291105 9.912109375
2.291118 9.912109375
2.292105 9.765625
2.292113 8.984375
2.292113 9.033203125
2.292113 9.08203125
2.292118 9.130859375
2.293091 9.912109375
2.293091 9.9609375
2.293113 7.2265625
2.293113 7.275390625
2.293113 7.32421875
2.293113 7.373046875
2.293113 7.421875
2.293113 7.470703125
2.293113 7.51953125
2.293113 7.568359375
2.293113 7.6171875
2.293113 7.666015625
2.293113 7.71484375
2.293113 7.763671875
2.294091 7.8125
2.294092 7.861328125
2.294092 7.91015625
2.294099 7.958984375
2.294099 8.0078125
2.294102 8.056640625
2.294102 8.10546875
2.294102 8.88671875
2.294103 8.88671875
2.294103 9.66796875
2.294103 8.935546875
2.294103 8.984375
2.294103 9.033203125
2.294103 9.814453125
2.294104 9.86328125
2.294105 9.912109375
2.294113 9.912109375
2.295105 9.9609375
2.301105 9.9609375
2.301119 9.9609375
2.302106 9.9609375
2.302114 9.86328125
2.303092 9.765625
2.303114 9.228515625
2.303114 9.27734375
2.303114 9.326171875
2.303114 9.375
2.303114 9.423828125
2.303114 9.47265625
2.303114 9.521484375
2.303114 9.5703125
2.304103 7.51953125
2.304103 7.51953125
2.304103 8.30078125
2.304104 8.30078125
2.304104 9.08203125
2.304104 9.130859375
2.304104 9.912109375
2.304114 9.86328125
2.311106 9.814453125
2.311119 9.814453125
2.312106 9.814453125
2.312114 9.814453125
2.313093 9.814453125
2.313114 9.521484375
2.314104 6.25
2.314104 7.03125
2.314104 7.8125
2.314104 8.59375
2.314104 9.375
2.314115 9.375
2.321106 9.375
2.32112 9.375
2.32112 9.423828125
2.322106 9.423828125
2.322115 9.423828125
2.322115 9.47265625
2.322115 9.521484375
2.323094 9.521484375
2.323115 9.521484375
2.323115 9.5703125
2.324105 6.4453125
2.324105 7.2265625
2.324105 8.0078125
2.324105 8.7890625
2.324105 8.837890625
2.324105 9.619140625
2.324105 9.66796875
2.324105 9.716796875
2.324105 9.765625
2.324105 9.814453125
2.324106 9.86328125
2.324106 9.912109375
2.324115 9.912109375
2.331106 9.912109375
2.331121 9.86328125
2.332106 9.86328125
2.332115 9.765625
2.333095 9.765625
2.333115 9.716796875
2.333115 9.765625
2.333115 9.814453125
2.333115 9.86328125
2.333116 9.912109375
2.334106 6.494140625
2.334106 6.54296875
2.334106 7.32421875
2.334106 7.32421875
2.334106 7.373046875
2.334106 7.421875
2.334106 7.470703125
2.334106 7.51953125
2.334106 7.568359375
2.334106 7.6171875
2.334106 7.666015625
2.334107 7.71484375
2.334107 7.763671875
2.334107 7.8125
2.334107 7.861328125
2.334107 7.91015625
2.334107 7.958984375
2.334107 8.0078125
2.334107 8.7890625
2.334108 8.837890625
2.334108 8.88671875
2.334108 9.66796875
2.334116 9.66796875
2.334116 9.716796875
2.334116 9.765625
2.341107 9.765625
2.341114 9.814453125
2.341114 9.86328125
2.341114 9.912109375
2.341114 9.9609375
2.341121 9.9609375
2.342107 9.228515625
2.342116 9.228515625
2.343096 9.228515625
2.343116 9.033203125
2.343116 9.814453125
2.344107 8.3984375
2.344107 9.1796875
2.344107 9.228515625
2.344107 8.349609375
2.344107 8.3984375
2.344107 8.447265625
2.344107 8.49609375
2.344107 8.544921875
2.344107 8.59375
2.344107 9.375
2.344108 9.27734375
2.344116 9.1796875
2.344116 9.9609375
2.351107 9.228515625
2.351108 9.27734375
2.351115 9.86328125
2.351122 9.86328125
2.352116 9.814453125
2.353097 9.814453125
2.353116 9.033203125
2.353116 9.814453125
2.354108 7.91015625
2.354108 8.69140625
2.354108 9.47265625
2.354108 9.47265625
2.354117 8.69140625
2.354117 9.47265625
2.361116 9.375
2.361122 9.375
2.361123 9.423828125
2.362117 9.423828125
2.363098 9.423828125
2.363117 8.642578125
2.363117 9.423828125
2.363117 9.47265625
2.363117 9.521484375
2.364108 7.958984375
2.364108 8.740234375
2.364108 8.0078125
2.364108 8.7890625
2.364108 9.5703125
2.364117 8.7890625
2.364117 9.5703125
2.364117 9.619140625
2.371117 9.619140625
2.371123 9.5703125
2.371124 9.619140625
2.372092 9.66796875
2.372092 9.716796875
2.372093 9.765625
2.372093 9.814453125
2.3721 9.86328125
2.372117 9.86328125
2.373099 9.86328125
2.373117 8.984375
2.373118 9.033203125
2.373118 9.814453125
2.374108 7.421875
2.374108 8.203125
2.374108 8.984375
2.374108 9.033203125
2.374108 9.08203125
2.374108 9.130859375
2.374108 9.912109375
2.374118 9.08203125
2.374118 9.130859375
2.374118 9.1796875
2.374118 9.228515625
2.374118 9.27734375
2.374118 9.326171875
2.374118 9.375
2.374118 9.423828125
2.3751 9.47265625
2.375108 9.521484375
2.375108 9.5703125
2.375108 9.619140625
2.375109 9.66796875
2.375109 9.716796875
2.375109 9.765625
2.381118 9.765625
2.381124 8.984375
2.381125 9.033203125
2.382093 8.88671875
2.382093 8.935546875
2.382094 9.716796875
2.382118 9.66796875
2.383094 9.716796875
2.3831 8.984375
2.383101 9.033203125
2.383109 9.08203125
2.383109 9.86328125
2.383109 9.912109375
2.383109 9.9609375
2.383118 9.130859375
2.383119 9.1796875
2.383119 9.228515625
2.384109 6.73828125
2.384109 7.51953125
2.384109 8.30078125
2.384109 9.08203125
2.384109 9.86328125
2.384119 9.521484375
2.384119 9.5703125
2.384119 9.619140625
2.384119 9.66796875
2.384119 9.716796875
2.391119 9.375
2.391119 9.423828125
2.391119 9.47265625
2.391119 9.521484375
2.391125 9.47265625
2.392094 9.375
2.392119 9.375
2.393109 9.08203125
2.393109 9.130859375
2.393109 9.912109375
2.393119 9.814453125
2.394109 6.689453125
2.394109 7.470703125
2.394109 8.251953125
2.394109 9.033203125
2.394109 9.814453125
2.39412 9.619140625
2.40112 9.47265625
2.402095 9.423828125
2.40212 9.423828125
2.403109 8.59375
2.403109 9.375
2.40312 9.375
2.40312 9.423828125
2.40411 6.298828125
2.40411 7.080078125
2.40411 7.861328125
2.40411 8.642578125
2.40411 8.69140625
2.40411 8.740234375
2.40411 9.521484375
2.40412 9.521484375
2.41112 9.521484375
2.41112 9.5703125
2.412096 9.5703125
2.41212 9.5703125
2.41311 8.7890625
2.41311 8.837890625
2.41311 9.619140625
2.41312 9.5703125
2.41411 6.34765625
2.41411 6.396484375
2.41411 6.4453125
2.41411 6.494140625
2.41411 6.54296875
2.41411 6.591796875
2.41411 6.640625
2.41411 7.421875
2.41411 8.203125
2.41411 8.984375
2.41411 9.765625
2.41411 9.814453125
2.41412 9.814453125
2.42112 9.765625
2.422097 9.765625
2.422121 9.765625
2.422121 9.814453125
2.422121 9.86328125
2.422121 9.912109375
2.422121 9.9609375
2.423111 9.130859375
2.423111 9.1796875
2.423111 9.228515625
2.423111 9.27734375
2.423111 9.326171875
2.423111 9.375
2.423111 9.423828125
2.423111 9.47265625
2.423111 9.521484375
2.423111 9.5703125
2.423115 9.619140625
2.423115 9.66796875
2.423115 9.716796875
2.42312 9.765625
2.423121 9.765625
2.423121 9.814453125
2.423121 9.86328125
2.423121 9.912109375
2.423121 9.9609375
2.424111 6.494140625
2.424111 7.275390625
2.424111 7.32421875
2.424111 7.373046875
2.424111 7.421875
2.424111 8.203125
2.424111 8.251953125
2.424111 8.30078125
2.424111 8.349609375
2.424111 8.3984375
2.424111 9.1796875
2.424111 9.228515625
2.424121 8.49609375
2.424121 9.27734375
2.431121 9.27734375
2.432098 9.27734375
2.432122 9.08203125
2.432122 9.130859375
2.432122 9.1796875
2.432122 9.228515625
2.432122 9.27734375
2.433112 8.837890625
2.433112 9.619140625
2.433121 9.228515625
2.433122 9.27734375
2.433122 9.326171875
2.433122 9.375
2.433122 9.423828125
2.434112 6.689453125
2.434112 7.470703125
2.434112 8.251953125
2.434112 9.033203125
2.434112 9.08203125
2.434112 9.86328125
2.434122 9.814453125
2.441122 9.814453125
2.442099 9.814453125
2.442122 9.619140625
2.443112 8.837890625
2.443112 9.619140625
2.443122 9.423828125
2.444112 6.25
2.444112 7.03125
2.444112 7.8125
2.444112 8.59375
2.444112 9.375
2.444112 9.423828125
2.444123 9.423828125
2.451123 9.423828125
2.4521 9.423828125
2.452123 9.423828125
2.452123 9.47265625
2.452123 9.521484375
2.453112 8.740234375
2.453112 9.521484375
2.453123 9.521484375
2.453123 9.5703125
2.453123 9.619140625
2.454112 6.494140625
2.454112 7.275390625
2.454112 8.056640625
2.454112 8.837890625
2.454113 9.5703125
2.454113 9.619140625
2.454123 9.619140625
2.454123 9.66796875
2.454123 9.716796875
2.454123 9.765625
2.461123 9.765625
2.462101 9.765625
2.462124 9.66796875
2.463113 8.88671875
2.463113 9.66796875
2.463113 9.716796875
2.463113 9.765625
2.463113 9.814453125
2.463124 9.716796875
2.464113 6.54296875
2.464113 7.32421875
2.464113 8.10546875
2.464113 8.154296875
2.464113 8.203125
2.464113 8.251953125
2.464113 8.30078125
2.464113 8.349609375
2.464113 9.130859375
2.464113 9.1796875
2.464113 9.228515625
2.464113 9.27734375
2.464113 9.326171875
2.464113 9.375
2.464113 9.423828125
2.464114 9.47265625
2.464114 9.521484375
2.464116 9.5703125
2.464116 9.619140625
2.464116 9.66796875
2.464122 9.716796875
2.464124 9.5703125
2.464124 9.619140625
2.464124 9.66796875
2.464124 9.716796875
2.464124 9.765625
2.471124 9.765625
2.472102 9.765625
2.472102 9.814453125
2.472109 9.86328125
2.472109 9.912109375
2.472124 9.912109375
2.473114 8.984375
2.473114 9.033203125
2.473114 9.08203125
2.473114 9.130859375
2.473114 9.1796875
2.473124 8.447265625
2.473124 9.228515625
2.473124 9.27734375
2.474114 6.298828125
2.474114 7.080078125
2.474114 7.861328125
2.474114 7.91015625
2.474114 7.958984375
2.474114 8.0078125
2.474114 8.056640625
2.474114 8.10546875
2.474114 8.88671875
2.474114 9.66796875
2.474124 9.27734375
2.474124 9.326171875
2.474125 9.375
2.474125 9.423828125
2.474125 9.47265625
2.481125 9.47265625
2.482103 9.423828125
2.482125 9.326171875
2.483114 9.130859375
2.483114 9.912109375
2.483114 9.9609375
2.483125 9.86328125
2.484114 8.056640625
2.484114 8.837890625
2.484115 8.056640625
2.484115 8.837890625
2.484115 9.619140625
2.484125 9.47265625
2.491125 9.423828125
2.492104 9.423828125
2.492125 9.423828125
2.493115 8.59375
2.493115 9.375
2.493115 9.423828125
2.493125 9.423828125
2.494115 6.298828125
2.494115 7.080078125
2.494115 7.861328125
2.494115 7.91015625
2.494115 7.958984375
2.494115 8.740234375
2.494115 9.521484375
2.494125 9.521484375
2.494125 9.5703125
2.494125 9.619140625
2.501125 9.619140625
2.502105 9.619140625
2.502126 9.619140625
2.503115 8.7890625
2.503115 9.5703125
2.503115 9.619140625
2.503126 9.619140625
2.503126 9.66796875
2.503126 9.716796875
2.503126 9.765625
2.504115 6.54296875
2.504115 7.32421875
2.504115 8.10546875
2.504115 8.88671875
2.504115 9.66796875
2.504115 9.716796875
2.504116 9.765625
2.504126 9.66796875
2.504126 9.716796875
2.511126 9.716796875
2.512106 9.716796875
2.512126 9.716796875
2.513116 8.88671875
2.513116 8.935546875
2.513116 8.984375
2.513116 9.033203125
2.513116 9.08203125
2.513116 9.130859375
2.513116 9.912109375
2.513116 9.9609375
2.513126 9.08203125
2.513126 9.130859375
2.513126 9.1796875
2.513126 9.228515625
2.513126 9.27734375
2.513126 9.326171875
2.513126 9.375
2.513127 9.423828125
2.513127 9.47265625
2.513127 9.521484375
2.513127 9.5703125
2.514116 6.34765625
2.514116 6.396484375
2.514116 6.4453125
2.514116 6.494140625
2.514116 6.54296875
2.514116 7.32421875
2.514116 8.10546875
2.514116 8.154296875
2.514116 8.203125
2.514116 8.251953125
2.514116 9.033203125
2.514116 9.814453125
2.514116 9.86328125
2.514116 9.912109375
2.514117 9.9609375
2.514127 9.1796875
2.514127 9.228515625
2.521127 9.228515625
2.521127 9.27734375
2.522107 9.27734375
2.522127 9.27734375
2.523117 8.203125
2.523117 8.251953125
2.523117 8.30078125
2.523117 8.349609375
2.523117 8.3984375
2.523117 8.447265625
2.523117 9.228515625
2.523127 9.47265625
2.523127 9.521484375
2.524117 5.908203125
2.524117 5.95703125
2.524117 6.005859375
2.524117 6.0546875
2.524117 6.103515625
2.524117 6.884765625
2.524117 7.666015625
2.524117 8.447265625
2.524117 9.228515625
2.524117 9.27734375
2.524127 9.9609375
2.531127 9.912109375
2.532108 9.912109375
2.532127 9.912109375
2.533117 8.88671875
2.533117 9.66796875
2.533127 9.619140625
2.534117 6.25
2.534117 7.03125
2.534117 7.8125
2.534117 8.59375
2.534117 9.375
2.534127 9.375
2.534128 9.423828125
2.541128 9.423828125
2.542109 9.423828125
2.542109 9.47265625
2.54211 9.521484375
2.542128 9.521484375
2.543117 9.521484375
2.543118 8.7890625
2.543118 8.837890625
2.543118 9.619140625
2.543128 9.619140625
2.544118 6.494140625
2.544118 7.275390625
2.544118 8.056640625
2.544118 8.837890625
2.544118 9.619140625
2.544128 9.5703125
2.544128 9.619140625
2.551128 9.619140625
2.551128 9.66796875
2.551128 9.716796875
2.551128 9.765625
2.551128 9.814453125
2.55211 9.765625
2.552128 9.716796875
2.553118 9.66796875
2.553118 9.619140625
2.553128 9.619140625
2.554118 6.494140625
2.554118 6.54296875
2.554118 7.32421875
2.554118 7.373046875
2.554118 8.154296875
2.554118 8.935546875
2.554118 8.984375
2.554118 9.033203125
2.554118 9.814453125
2.554128 9.765625
2.554128 9.814453125
2.554128 9.86328125
2.561129 9.66796875
2.561129 9.716796875
2.561129 9.765625
2.561129 9.814453125
2.561129 9.86328125
2.561129 9.912109375
2.561129 9.9609375
2.56211 9.228515625
2.562111 9.27734375
2.562111 9.326171875
2.562118 9.375
2.562118 9.423828125
2.562118 9.47265625
2.562118 9.521484375
2.562129 9.521484375
2.562129 9.5703125
2.562129 9.619140625
2.563118 8.837890625
2.563118 9.619140625
2.563118 9.66796875
2.563119 9.716796875
2.563129 9.716796875
2.563129 9.765625
2.564119 6.4453125
2.564119 6.494140625
2.564119 6.54296875
2.564119 6.591796875
2.564119 6.640625
2.564119 6.689453125
2.564119 6.73828125
2.564119 6.787109375
2.564119 7.568359375
2.564119 7.6171875
2.564119 8.3984375
2.564119 9.1796875
2.564119 9.9609375
2.564129 9.86328125
2.564129 9.912109375
2.564129 9.9609375
2.571129 8.935546875
2.57113 8.984375
2.57113 9.033203125
2.57113 9.08203125
2.57113 9.130859375
2.57113 9.1796875
2.57113 9.9609375
2.57213 9.521484375
2.57213 9.5703125
2.57213 9.619140625
2.573119 8.740234375
2.573119 9.521484375
2.573119 9.5703125
2.57313 9.521484375
2.574119 6.005859375
2.574119 6.0546875
2.574119 6.8359375
2.574119 7.6171875
2.574119 8.3984375
2.574119 9.1796875
2.574119 9.9609375
2.57413 9.86328125
2.58113 9.5703125
2.58213 9.47265625
2.583119 8.642578125
2.583119 9.423828125
2.58313 9.423828125
2.584119 8.59375
2.58412 6.25
2.58412 6.298828125
2.58412 7.080078125
2.58412 7.861328125
2.58412 7.91015625
2.58412 7.958984375
2.58412 8.740234375
2.58412 9.521484375
2.58412 9.5703125
2.58413 9.5703125
2.58413 9.619140625
2.584131 9.66796875
2.591131 9.66796875
2.592131 9.66796875
2.59312 8.88671875
2.59312 9.66796875
2.593131 9.66796875
2.59412 5.56640625
2.59412 6.34765625
2.59412 6.396484375
2.59412 7.177734375
2.59412 7.2265625
2.59412 7.275390625
2.59412 7.32421875
2.59412 8.10546875
2.59412 8.88671875
2.59412 9.66796875
2.594131 9.5703125
2.601131 9.5703125
2.602131 9.5703125
2.602131 9.619140625
2.60312 8.837890625
2.60312 9.619140625
2.603131 9.619140625
2.603131 9.66796875
2.60412 6.34765625
2.60412 7.12890625
2.60412 7.177734375
2.60412 7.2265625
2.604121 7.2265625
2.604121 7.275390625
2.604121 7.32421875
2.604121 7.373046875
2.604121 8.154296875
2.604121 8.203125
2.604121 8.251953125
2.604121 8.30078125
2.604121 8.349609375
2.604121 8.3984375
2.604121 8.447265625
2.604121 8.49609375
2.604121 8.544921875
2.604121 8.59375
2.604121 8.642578125
2.604121 8.69140625
2.604121 8.740234375
2.604121 9.521484375
2.604121 9.5703125
2.604121 9.619140625
2.604121 9.66796875
2.604123 9.716796875
2.604131 9.716796875
2.611131 9.716796875
2.612131 9.66796875
2.612131 9.716796875
2.613121 8.935546875
2.613121 9.716796875
2.613131 9.765625
2.613131 8.984375
2.613132 9.033203125
2.613132 9.08203125
2.613132 9.130859375
2.613132 9.1796875
2.613132 9.228515625
2.613132 9.27734375
2.614121 5.17578125
2.614121 5.95703125
2.614121 6.005859375
2.614121 6.0546875
2.614122 6.8359375
2.614122 7.6171875
2.614122 7.666015625
2.614122 7.71484375
2.614122 7.763671875
2.614122 7.8125
2.614122 8.59375
2.614122 8.642578125
2.614122 8.69140625
2.614122 8.740234375
2.614122 9.521484375
2.614122 9.5703125
2.614122 9.619140625
2.614132 9.5703125
2.621132 9.5703125
2.621132 9.619140625
2.622132 9.5703125
2.622132 9.619140625
2.623122 8.837890625
2.623122 9.619140625
2.624122 4.833984375
2.624122 5.56640625
2.624122 6.34765625
2.624122 7.12890625
2.624122 7.91015625
2.624122 8.69140625
2.624122 9.47265625
2.624132 9.47265625
2.631132 9.423828125
2.632132 9.375
2.633122 8.59375
2.633122 8.642578125
2.633122 9.423828125
2.634122 6.298828125
2.634122 7.080078125
2.634123 6.298828125
2.634123 7.080078125
2.634123 7.12890625
2.634123 7.177734375
2.634123 7.2265625
2.634123 8.0078125
2.634123 8.056640625
2.634123 8.10546875
2.634123 8.88671875
2.634123 9.66796875
2.634132 9.66796875
